#  	Call Duration (s)
---	-----------------
001	016.572
002	031.697
003	185.264
004	087.170
005	097.462
006	144.761
007	080.934
008	392.391
009	094.301
010	886.768
011	050.539
012	408.370
013	023.454
014	115.961
015	052.699
016	050.861
017	022.668
018	615.196
019	007.921
020	088.179
021	534.172
022	021.709
023	093.410
024	001.569
025	261.370
026	017.098
027	046.374
028	102.049
029	208.230
030	392.392
031	709.116
032	173.579
033	380.638
034	508.414
035	143.849
036	292.394
037	476.333
038	628.058
039	387.685
040	016.939
041	099.488
042	150.531
043	001.900
044	289.956
045	030.954
046	084.254
047	064.539
048	050.859
049	051.540
050	027.522
051	215.871
052	392.712
053	037.026
054	113.899
055	186.491
056	004.138
057	306.364
058	155.185
059	183.471
060	244.188
061	108.699
062	192.432
063	098.109
064	254.627
065	269.956
066	403.547
067	045.609
068	083.639
069	030.108
070	382.643
071	051.348
072	163.270
073	175.098
074	705.177
075	250.612
076	113.360
077	659.986
078	031.144
079	290.542
080	381.353
081	263.925
082	096.189
083	064.014
084	163.533
085	102.197
086	025.038
087	058.674
088	364.253
089	072.045
090	020.337
091	005.419
092	1116.967
093	099.247
094	259.630
095	026.506
096	247.347
097	006.295
098	172.808
099	276.973
100	382.472
101	059.753
102	496.389
103	003.163
104	132.251
105	274.277
106	315.432
107	501.263
108	212.685
109	028.750
110	007.412
111	072.888
112	048.988
113	038.185
114	265.750
115	068.109
116	226.196
117	758.462
118	419.506
119	046.471
120	329.660
121	239.142
122	267.826
123	086.911
124	069.363
125	376.765
126	176.713
127	008.161
128	047.156
129	144.255
130	006.829
131	120.372
132	239.844
133	367.367
134	157.128
135	013.318
136	063.235
137	222.244
138	039.776
139	592.205
140	077.016
141	020.932
142	075.568
143	356.554
144	006.438
145	049.907
146	099.971
147	036.200
148	242.603
149	225.818
150	059.171
151	091.351
152	113.631
153	440.719
154	183.423
155	031.823
156	114.813
157	312.345
158	267.005
159	144.736
160	228.928
161	103.068
162	220.218
163	163.213
164	164.229
165	174.772
166	306.632
167	573.607
168	352.288
169	051.339
170	214.031
171	037.958
172	178.136
173	328.637
174	390.116
175	612.651
176	096.476
177	174.866
178	146.614
179	644.852
180	413.075
181	640.211
182	342.671
183	005.047
184	151.581
185	119.709
186	114.710
187	093.793
188	054.021
189	099.870
190	070.713
191	253.644
192	436.075
193	172.703
194	253.983
195	121.814
196	329.099
197	237.999
198	076.271
199	061.473
200	191.425
201	078.669
202	490.127
203	074.827
204	189.647
205	605.768
206	167.444
207	069.921
208	031.114
209	397.698
210	248.184
211	122.031
212	131.314
213	173.475
214	292.326
215	036.341
216	043.694
217	049.400
218	134.899
219	059.929
220	031.390
221	059.208
222	040.594
223	384.579
224	144.789
225	016.038
226	505.812
227	310.444
228	198.773
229	010.430
230	005.803
231	263.500
232	168.493
233	116.269
234	438.364
235	100.612
236	039.491
237	063.857
238	080.210
239	077.948
240	149.251
241	046.242
242	076.311
243	007.545
244	343.909
245	075.114
246	143.817
247	031.772
248	203.514
249	555.161
250	041.902
251	080.992
252	231.054
253	096.166
254	1244.407
255	470.906
256	037.288
257	264.696
258	166.781
259	045.138
260	451.035
261	044.371
262	123.552
263	374.529
264	238.236
265	008.299
266	038.953
267	156.608
268	014.270
269	046.621
270	477.302
271	029.289
272	381.547
273	170.339
274	138.990
275	172.294
276	1076.046
277	773.449
278	443.035
279	150.810
280	134.643
281	108.190
282	249.988
283	525.967
284	173.522
285	375.765
286	316.249
287	051.042
288	128.389
289	016.351
290	075.833
291	739.546
292	395.842
293	371.177
294	273.840
295	145.738
296	107.151
297	355.683
298	144.177
299	110.266
300	011.958
301	200.707
302	115.914
303	587.136
304	169.801
305	264.123
306	503.391
307	159.689
308	147.392
309	457.465
310	041.629
311	078.138
312	044.816
313	164.059
314	003.960
315	203.205
316	367.217
317	083.669
318	083.363
319	437.459
320	152.729
321	214.012
322	1009.266
323	061.128
324	132.495
325	096.358
326	238.754
327	053.598
328	238.434
329	096.943
330	255.480
331	153.476
332	320.874
333	014.025
334	280.767
335	045.541
336	221.849
337	042.752
338	098.635
339	133.153
340	082.796
341	018.306
342	426.905
343	069.129
344	738.256
345	026.432
346	019.427
347	076.028
348	100.673
349	093.428
350	157.218
351	274.801
352	150.653
353	084.529
354	631.194
355	026.532
356	183.367
357	009.753
358	074.472
359	043.629
360	400.418
361	1069.822
362	232.323
363	026.679
364	072.257
365	969.092
366	124.619
367	203.979
368	1145.972
369	295.559
370	002.323
371	295.970
372	021.424
373	138.748
374	015.401
375	271.794
376	134.817
377	076.502
378	102.258
379	015.478
380	156.400
381	049.021
382	040.691
383	064.026
384	328.776
385	017.327
386	033.583
387	118.506
388	331.915
389	433.638
390	043.594
391	791.551
392	065.369
393	005.622
394	420.253
395	008.962
396	116.990
397	141.542
398	292.611
399	426.334
400	114.866
401	304.435
402	107.292
403	083.153
404	369.251
405	172.030
406	457.902
407	033.927
408	074.322
409	411.838
410	122.735
411	393.623
412	027.224
413	250.403
414	298.882
415	045.679
416	343.982
417	687.143
418	032.883
419	079.283
420	023.623
421	051.180
422	227.696
423	032.588
424	211.308
425	607.250
426	267.572
427	028.444
428	391.484
429	531.484
430	755.584
431	005.534
432	112.190
433	054.487
434	055.637
435	024.796
436	095.699
437	646.257
438	075.812
439	264.702
440	065.393
441	043.284
442	016.063
443	249.958
444	196.651
445	194.360
446	329.577
447	331.205
448	318.670
449	029.421
450	275.523
451	161.993
452	088.145
453	076.656
454	190.982
455	127.597
456	020.737
457	063.979
458	241.733
459	139.185
460	438.559
461	081.218
462	533.720
463	369.672
464	309.069
465	219.195
466	683.615
467	050.384
468	282.876
469	307.098
470	000.674
471	074.568
472	096.388
473	019.785
474	095.185
475	1023.798
476	191.559
477	598.961
478	016.726
479	574.330
480	028.263
481	167.162
482	073.649
483	147.504
484	050.165
485	085.138
486	020.988
487	492.320
488	037.490
489	040.882
490	018.555
491	134.209
492	018.459
493	120.952
494	455.570
495	163.385
496	376.451
497	160.306
498	001.832
499	350.811
500	024.283
501	158.028
502	446.488
503	136.541
504	141.531
505	066.296
506	076.071
507	079.547
508	117.514
509	568.464
510	219.626
511	1580.575
512	221.851
513	101.117
514	010.109
515	019.416
516	071.063
517	106.085
518	430.993
519	160.693
520	060.638
521	620.004
522	304.306
523	133.432
524	208.839
525	197.822
526	145.365
527	299.794
528	173.585
529	322.679
530	381.657
531	409.560
532	194.041
533	008.214
534	046.142
535	023.060
536	515.580
537	175.581
538	088.940
539	650.441
540	079.801
541	251.464
542	096.163
543	118.583
544	107.851
545	062.042
546	465.964
547	049.071
548	183.535
549	032.390
550	074.731
551	471.808
552	012.501
553	001.803
554	080.662
555	087.532
556	064.071
557	093.607
558	066.371
559	374.734
560	076.163
561	272.005
562	232.742
563	154.756
564	273.801
565	567.049
566	250.072
567	320.903
568	176.372
569	737.938
570	179.123
571	107.331
572	081.119
573	283.164
574	133.776
575	001.244
576	113.276
577	036.048
578	007.111
579	013.297
580	647.854
581	051.505
582	096.607
583	097.791
584	266.701
585	464.920
586	073.980
587	246.249
588	063.220
589	299.957
590	553.752
591	012.981
592	099.169
593	541.605
594	016.731
595	085.168
596	279.212
597	452.161
598	060.445
599	514.395
600	629.814
601	120.618
602	239.717
603	094.424
604	006.234
605	045.958
606	242.753
607	011.335
608	020.639
609	032.794
610	143.559
611	063.335
612	071.335
613	099.860
614	063.185
615	037.735
616	178.435
617	324.551
618	803.399
619	373.205
620	532.209
621	148.070
622	126.876
623	257.610
624	081.368
625	328.976
626	067.448
627	033.238
628	182.541
629	261.625
630	126.748
631	252.485
632	606.949
633	070.705
634	248.940
635	256.688
636	011.761
637	354.586
638	041.853
639	037.677
640	111.895
641	325.378
642	029.579
643	175.934
644	078.662
645	120.172
646	292.500
647	021.054
648	408.458
649	889.356
650	000.432
651	173.189
652	552.215
653	326.212
654	451.417
655	198.080
656	799.220
657	392.233
658	013.589
659	349.384
660	254.642
661	029.805
662	323.895
663	255.844
664	055.634
665	174.205
666	120.362
667	001.635
668	041.672
669	209.482
670	072.093
671	386.703
672	315.428
673	087.475
674	242.879
675	138.677
676	072.805
677	515.887
678	075.037
679	023.870
680	005.155
681	004.225
682	253.429
683	205.145
684	115.388
685	455.056
686	512.200
687	288.418
688	072.378
689	383.516
690	266.545
691	172.890
692	161.656
693	090.542
694	234.210
695	076.155
696	175.814
697	703.002
698	289.250
699	001.047
700	087.895
701	141.860
702	457.247
703	347.782
704	299.625
705	283.199
706	074.948
707	172.058
708	109.962
709	137.274
710	704.159
711	168.181
712	456.538
713	147.337
714	030.114
715	652.228
716	352.733
717	156.361
718	039.143
719	101.851
720	347.301
721	165.181
722	111.966
723	058.518
724	318.575
725	063.346
726	044.691
727	369.606
728	272.842
729	239.463
730	123.212
731	208.670
732	082.859
733	063.697
734	202.094
735	024.683
736	141.403
737	057.338
738	006.838
739	116.095
740	434.269
741	010.740
742	000.020
743	038.273
744	105.791
745	291.074
746	010.690
747	265.084
748	100.275
749	625.574
750	075.137
751	011.252
752	001.418
753	082.586
754	189.441
755	057.860
756	109.800
757	178.048
758	208.287
759	116.779
760	069.512
761	330.313
762	007.856
763	436.543
764	054.324
765	358.390
766	350.418
767	696.095
768	370.199
769	496.476
770	739.568
771	199.564
772	413.502
773	341.788
774	060.043
775	601.528
776	084.993
777	049.837
778	104.173
779	604.219
780	185.713
781	374.428
782	296.374
783	069.904
784	102.728
785	137.458
786	600.335
787	026.322
788	118.928
789	158.079
790	216.531
791	291.103
792	012.763
793	210.860
794	057.984
795	143.978
796	224.962
797	281.676
798	043.485
799	074.020
800	072.061
-----------
